EhWGS12F0Hzk1I_K1Oxddw&VPrWU3xJGd7T-cyPBjBQRg;-3.644768817028695;9.274023225242903;-2.4246845203555196;2391;1574;0.00998318090089099;337.9419941555553;277.3227681266331;-13.714693187621307;-9.70737079838206
EhWGS12F0Hzk1I_K1Oxddw&VPrWU3xJGd7T-cyPBjBQRg;-2.4133265597513125;-0.22315650614069302;-2.404030811495287;469;1761;0.0009086871616525853;263.3968752163578;238.12267645784095;-43.67587710775576;-9.098803247074022
EhWGS12F0Hzk1I_K1Oxddw&VPrWU3xJGd7T-cyPBjBQRg;-2.3905085679619376;5.316908304942923;-2.5216256856743686;1878;1674;0.021058766642525855;334.7680632448924;259.9897117122946;-23.47601356775239;-10.972815885088467
EhWGS12F0Hzk1I_K1Oxddw&VPrWU3xJGd7T-cyPBjBQRg;-2.311189622450697;6.378174115962537;-2.5149266543752984;2086;1663;0.0006449083476346573;339.1903527306496;264.7247229678812;-20.428149837155132;-11.216594620708545
EhWGS12F0Hzk1I_K1Oxddw&VPrWU3xJGd7T-cyPBjBQRg;-2.932239510518972;5.3577545612353115;-2.500609136504794;1834;1652;0.002768928928926918;330.2804385211089;260.53576719645844;-22.315204151406025;-10.546919325192471
EhWGS12F0Hzk1I_K1Oxddw&VPrWU3xJGd7T-cyPBjBQRg;-2.8339225874054805;6.415779683436681;-2.500141691020715;2028;1640;0.005102914833537844;335.2973204389275;265.11030119240496;-19.68256782630223;-10.696637742271076
EhWGS12F0Hzk1I_K1Oxddw&VPrWU3xJGd7T-cyPBjBQRg;-3.3638821361561906;0.961631407656004;1.1395516406745656;848;832;0.04731271514776228;284.57655105151207;243.96076558284958;17.722527357421836;4.406885702694754
EhWGS12F0Hzk1I_K1Oxddw&VPrWU3xJGd7T-cyPBjBQRg;-3.3460884876759125;0.3820140515330739;1.115908372056034;682;821;0.027508046903621373;275.2694779587071;241.94508656873026;17.932047730519564;4.31812180553442
EhWGS12F0Hzk1I_K1Oxddw&VPrWU3xJGd7T-cyPBjBQRg;-3.1713772983344044;9.138332692139473;1.199939148927275;2438;944;0.004271093335474504;340.236744090775;276.9920670320431;7.095697828967116;5.40962626183971
EhWGS12F0Hzk1I_K1Oxddw&VPrWU3xJGd7T-cyPBjBQRg;-3.4111446121826305;-0.9149530222010439;0.40646563068543495;248;974;0.0002744289075790974;254.33235408443957;237.90322545965347;6.3821750762770195;1.6670833392713413
EhWGS12F0Hzk1I_K1Oxddw&VPrWU3xJGd7T-cyPBjBQRg;-14.645727630515347;7.880218279040689;0.04309053260763498;1493;1157;0.009178667420320271;297.9389795908576;270.8402483457295;0.14803985631889358;0.20808540543944318
EhWGS12F0Hzk1I_K1Oxddw&VPrWU3xJGd7T-cyPBjBQRg;-14.861128904748528;8.50819199418896;0.0494599182057214;1549;1160;0.021793305926646925;299.45392705007896;272.2771386654416;0.1650670918160437;0.19178261011091619
EhWGS12F0Hzk1I_K1Oxddw&VPrWU3xJGd7T-cyPBjBQRg;-14.54397289092634;7.863798976546172;-0.6601465804192621;1491;1234;0.036599421087796395;298.0520442751071;270.80387830582197;-2.2801146417196576;-1.4938078439893772
EhWGS12F0Hzk1I_K1Oxddw&VPrWU3xJGd7T-cyPBjBQRg;-14.771920939715695;8.49762082450639;-0.6541002812360738;1550;1233;0.015075166070735021;299.5694801852228;272.2602635967292;-2.192508537674068;-1.4155017058102701
EhWGS12F0Hzk1I_K1Oxddw&VPrWU3xJGd7T-cyPBjBQRg;-15.791946819806565;10.730533329252129;0.28769992972931274;1731;1140;0.002948940292838297;303.88352756999564;277.0900027273847;0.8616982929484122;0.7625263007341846
EhWGS12F0Hzk1I_K1Oxddw&VPrWU3xJGd7T-cyPBjBQRg;-12.219444449705778;21.328037624252197;2.563099924142508;2768;948;0.04390038590506704;329.9308643746708;301.8174223135321;5.956244659000333;5.805097997014638
EhWGS12F0Hzk1I_K1Oxddw&VPrWU3xJGd7T-cyPBjBQRg;-9.282305060253046;22.164039468272343;2.603447491917596;3065;929;0.013449713110741663;337.01981328450415;307.167642931088;6.190515054226336;6.291529347243817
EhWGS12F0Hzk1I_K1Oxddw&VPrWU3xJGd7T-cyPBjBQRg;-12.190081823128873;21.34812786809121;5.334990073363428;2776;696;0.003665733948958995;330.0193204091253;301.89420881857245;12.250990358989576;11.629202595920123
EhWGS12F0Hzk1I_K1Oxddw&VPrWU3xJGd7T-cyPBjBQRg;-9.240739508779404;22.149120698929543;5.314404477760878;3069;658;0.00003852311827872088;337.09910494066463;307.2006587424437;12.499758016711404;12.51220529622448
EhWGS12F0Hzk1I_K1Oxddw&VPrWU3xJGd7T-cyPBjBQRg;-6.811827925529756;22.76761411136884;5.338673356094834;3349;616;0.04180406781414707;343.10650063162075;312.1640496925903;12.680847083371814;13.255663717254269
EhWGS12F0Hzk1I_K1Oxddw&VPrWU3xJGd7T-cyPBjBQRg;-3.344253357737218;-0.9247083467342222;-1.3399613573664393;226;1455;0.060338978809644075;253.8699159576195;237.72264502570889;-20.561149686721063;-4.849200610323037
EhWGS12F0Hzk1I_K1Oxddw&VPrWU3xJGd7T-cyPBjBQRg;-3.346656630991112;-0.9278374826248954;-2.3062989683346458;218;1724;0.06464978863071133;253.81670639498276;237.70214426892255;-32.82360154937197;-8.299416865290853
EhWGS12F0Hzk1I_K1Oxddw&VPrWU3xJGd7T-cyPBjBQRg;-3.4210172173984765;-0.6326355237546618;-1.7704402764206293;332;1561;0.024561303887886427;258.71870960919074;238.779343265884;-26.328466788695618;-6.302857762554356
EhWGS12F0Hzk1I_K1Oxddw&VPrWU3xJGd7T-cyPBjBQRg;-3.4409833055615744;-0.6381820270744524;-1.988293556420573;331;1617;0.031837863346974755;258.68828543510847;238.79381066664666;-28.922797704164285;-7.099218089533084
EhWGS12F0Hzk1I_K1Oxddw&VPrWU3xJGd7T-cyPBjBQRg;-3.9413050674449672;0.9812256727158801;1.1457217653976646;830;846;0.028266388972845943;282.81010679343257;244.94963417018724;15.499008192895692;4.350807078420833
EhWGS12F0Hzk1I_K1Oxddw&VPrWU3xJGd7T-cyPBjBQRg;-7.139367798648136;22.626297012956975;2.014742669609061;3301;979;0.007985645873872077;342.2378669279114;311.33974242370715;4.861243823486775;5.152467044459175
EhWGS12F0Hzk1I_K1Oxddw&VPrWU3xJGd7T-cyPBjBQRg;-5.450305789849675;23.09252130138073;2.0264185598734916;3519;970;0.022250411867977105;346.47912181404524;315.1680851514809;4.8906150652076015;5.3583862665015465
EhWGS12F0Hzk1I_K1Oxddw&VPrWU3xJGd7T-cyPBjBQRg;-3.3200752490398995;9.91086299660234;-1.603915411706715;2517;1439;0.002444146245998549;340.9070821874236;280.1588752333771;-8.752646914988231;-6.500028043303546
EhWGS12F0Hzk1I_K1Oxddw&VPrWU3xJGd7T-cyPBjBQRg;-3.543090744854639;0.10610350415286171;-1.8422887074424978;576;1552;0.0045708749898006554;270.63000796507055;241.3727584939359;-26.901780777329396;-6.572691983490658
EhWGS12F0Hzk1I_K1Oxddw&VPrWU3xJGd7T-cyPBjBQRg;-14.443761636113848;7.527799625804962;2.963303713071539;1476;830;0.007014869789308032;297.18014632919335;270.02366203552094;10.282010829124015;7.015054050427837
EhWGS12F0Hzk1I_K1Oxddw&VPrWU3xJGd7T-cyPBjBQRg;-3.4379831510207066;-0.6356481427082485;-1.5792060966188795;335;1506;0.011097139890444894;258.7327303529913;238.81030249784462;-23.715055277727767;-5.563552559229911
EhWGS12F0Hzk1I_K1Oxddw&VPrWU3xJGd7T-cyPBjBQRg;-3.3641429112162604;-0.9233783744655671;-1.542765325528351;227;1512;0.04684908582113465;253.9811568689799;237.76773007890773;-23.24927775633506;-5.523622244892643
EhWGS12F0Hzk1I_K1Oxddw&VPrWU3xJGd7T-cyPBjBQRg;-3.1598982542099523;9.737615491200318;1.202983656426936;2518;949;0.010681765499431534;341.4424735392181;279.5529070415156;6.725105860490376;5.329380019547478
VgOVPdg4Obfffnu7mf6puw&h9zj5AZDIfW1aIfaCv3Mzg;-7.550609228838077;9.141197653096675;-2.3719299274266676;2392;1572;0.03494643141162514;320.45301750248984;278.45461834437447;-11.313391421284987;-9.880359324048566
VgOVPdg4Obfffnu7mf6puw&h9zj5AZDIfW1aIfaCv3Mzg;-6.459809531152339;-0.4709497055991406;-2.417591700335801;468;1763;0.03289139142975955;265.838553822766;238.12857132812493;-20.464527134548582;-9.43281066046732
VgOVPdg4Obfffnu7mf6puw&h9zj5AZDIfW1aIfaCv3Mzg;-7.618837733077392;-1.6614565987825218;-2.3873649087148188;109;1727;0.035650019855396946;257.70192975299284;236.69899625680287;-17.01891704821166;-8.38090682128031
VgOVPdg4Obfffnu7mf6puw&h9zj5AZDIfW1aIfaCv3Mzg;-7.598873260533951;-1.2886871284871875;-1.5949989871210544;230;1511;0.04019078547619208;260.3757848175916;237.7836281070002;-11.689719047177737;-5.656510273214571
VgOVPdg4Obfffnu7mf6puw&h9zj5AZDIfW1aIfaCv3Mzg;-7.58540108440956;-0.9489814759564834;-2.016621289685518;329;1617;0.04906535393449561;262.87681954164253;238.8167932199523;-14.775165810863232;-7.217237585240679
VgOVPdg4Obfffnu7mf6puw&h9zj5AZDIfW1aIfaCv3Mzg;-7.554737371781038;-0.9330077293305206;-1.589960117359179;337;1507;0.041892119706012136;262.96147178624307;238.80259960804446;-11.795615506456842;-5.712911658462867
VgOVPdg4Obfffnu7mf6puw&h9zj5AZDIfW1aIfaCv3Mzg;-7.572574456829868;-1.2457083888616338;0.47241638057317054;251;978;0.024245009756919834;260.6457959197329;237.8510568053313;3.521851186864708;1.7490323309195295
VgOVPdg4Obfffnu7mf6puw&h9zj5AZDIfW1aIfaCv3Mzg;-7.525431868537153;-1.2685993263549273;0.724880476758399;246;909;0.021415752811291322;260.4180143707577;237.68876197559482;5.424805590695696;2.6575753053783147
VgOVPdg4Obfffnu7mf6puw&h9zj5AZDIfW1aIfaCv3Mzg;-7.528506551346426;-0.5059281724788856;-1.5785587779924866;463;1501;0.029498085908352904;266.15364509060686;240.10981829831707;-11.814046497761074;-5.804683771465332
VgOVPdg4Obfffnu7mf6puw&h9zj5AZDIfW1aIfaCv3Mzg;-7.2815673330053095;0.21612297306102948;1.1614848669842748;685;825;0.027545723364402763;271.67852552331493;242.03661134191822;9.057465839290808;4.533699622619195
VgOVPdg4Obfffnu7mf6puw&h9zj5AZDIfW1aIfaCv3Mzg;-7.268032133854838;0.2179042383693771;1.2609384629211362;685;800;0.02179385573702715;271.69690371327954;242.01929956782726;9.836345812054192;4.897887189259936
VgOVPdg4Obfffnu7mf6puw&h9zj5AZDIfW1aIfaCv3Mzg;-7.266224485537397;0.8192670430582755;1.1758452047668204;849;838;0.015877320839379226;276.41375378863;244.11289252965284;9.133855997110116;4.6335612469785845
VgOVPdg4Obfffnu7mf6puw&h9zj5AZDIfW1aIfaCv3Mzg;-6.877176765226753;0.7808525443786785;1.1990590996608423;848;810;0.09450311156996212;276.4247913674623;243.25734743932827;9.82684736121237;5.147425445007769
VgOVPdg4Obfffnu7mf6puw&h9zj5AZDIfW1aIfaCv3Mzg;-6.2846268511409065;5.184922626661683;-2.470574416478134;1876;1676;0.025016294916437306;309.5344646374649;260.7433324999529;-16.869213177201388;-11.357325048223826
VgOVPdg4Obfffnu7mf6puw&h9zj5AZDIfW1aIfaCv3Mzg;-6.796261258421994;5.2076682309362905;-2.438812633357613;1831;1651;0.0030846609844874247;307.45018894313756;261.19181553360454;-15.898963810952319;-10.876386398833153
VgOVPdg4Obfffnu7mf6puw&h9zj5AZDIfW1aIfaCv3Mzg;-6.205354111039634;6.228782123910237;-2.456971715745548;2086;1664;0.0035555212758993262;315.09093017225064;265.5588703878522;-15.613238844554935;-11.609266162472334
VgOVPdg4Obfffnu7mf6puw&h9zj5AZDIfW1aIfaCv3Mzg;-6.724453094204976;6.264084905966579;-2.443834958789963;2034;1641;0.02099636775697591;312.9753456478879;265.9244472930046;-14.891814535669333;-10.981871636887103
VgOVPdg4Obfffnu7mf6puw&h9zj5AZDIfW1aIfaCv3Mzg;-18.701092331651047;7.725925119906952;-0.602033162411269;1493;1235;0.03208523663528901;292.441952975194;271.3218826881542;-1.7041884209003428;-1.3651997012999937
VgOVPdg4Obfffnu7mf6puw&h9zj5AZDIfW1aIfaCv3Mzg;-18.73479838773242;7.7319535396626105;0.09809606750421646;1492;1159;0.050918913679131164;292.4202667137395;271.3331259122544;0.27730393348934806;0.3146652518305139
VgOVPdg4Obfffnu7mf6puw&h9zj5AZDIfW1aIfaCv3Mzg;-18.875441877462087;8.369632116355724;-0.6072408111959258;1548;1235;0.031829390271630446;293.9083282493141;272.8049341135665;-1.6845071419263915;-1.3669575126626183
VgOVPdg4Obfffnu7mf6puw&h9zj5AZDIfW1aIfaCv3Mzg;-18.95728764060771;8.375965302820328;0.10748124190258578;1551;1162;0.013838738549285225;293.8318211449526;272.8094585038421;0.2971260790968145;0.2475426682901464
VgOVPdg4Obfffnu7mf6puw&h9zj5AZDIfW1aIfaCv3Mzg;-19.704583238453477;10.59368132891388;0.34729849740098007;1731;1141;0.045814859930774596;298.25774126871914;277.6640410894504;0.889370723966861;0.8433949746676231
VgOVPdg4Obfffnu7mf6puw&h9zj5AZDIfW1aIfaCv3Mzg;-18.687810263823394;7.337958531580486;2.9830659819702046;1462;841;0.03637909561861145;291.4277163967246;270.4098997457224;8.451058226534153;6.995055596666836
VgOVPdg4Obfffnu7mf6puw&h9zj5AZDIfW1aIfaCv3Mzg;-7.678764909141471;9.060866163334468;1.1620512628421356;2372;964;0.05683256880080194;319.6939438651064;278.00594176245085;5.588256682504594;5.0554582347727735
VgOVPdg4Obfffnu7mf6puw&h9zj5AZDIfW1aIfaCv3Mzg;-7.060927457349377;9.029741877364232;1.1550712421158775;2436;962;0.05067942229315873;321.9497678833896;278.2501056096955;5.7543999559299985;5.236267163863163
VgOVPdg4Obfffnu7mf6puw&h9zj5AZDIfW1aIfaCv3Mzg;-7.033259765647237;9.614613077594862;1.1580141549313023;2517;966;0.0513937336742163;323.7888291282586;280.8063234394439;5.552533807170754;5.2244320764659475
VgOVPdg4Obfffnu7mf6puw&h9zj5AZDIfW1aIfaCv3Mzg;-21.476433057247547;14.59998474208253;4.057755669231172;1991;829;0.09478323210394679;304.19391482438004;285.24343033598853;8.880769821208059;8.325929703525935
VgOVPdg4Obfffnu7mf6puw&h9zj5AZDIfW1aIfaCv3Mzg;-7.216095996657338;9.798273517521702;-1.5601120451756265;2517;1438;0.025455816318744877;323.62949029579374;281.46061955789;-7.306161423557867;-6.650487579528317
VgOVPdg4Obfffnu7mf6puw&h9zj5AZDIfW1aIfaCv3Mzg;-13.095492956360454;21.985625087717903;2.6650610537263457;3065;929;0.0323226033683096;329.2130564480959;308.1075094971454;5.945731445843749;6.373704705169109
VgOVPdg4Obfffnu7mf6puw&h9zj5AZDIfW1aIfaCv3Mzg;-16.2357135141116;21.360634136009182;5.436901505210947;2778;699;0.04980103387631703;322.7505204119245;302.7852362550967;11.455455361171369;11.789728567267959
VgOVPdg4Obfffnu7mf6puw&h9zj5AZDIfW1aIfaCv3Mzg;-13.162721657271183;22.083788318443528;5.433554276683655;3069;659;0.02528838129522771;329.1946715310637;308.1907269207008;11.934096130106687;12.713011946694374
VgOVPdg4Obfffnu7mf6puw&h9zj5AZDIfW1aIfaCv3Mzg;-10.520442564979064;22.602246332665175;5.342716995152603;3350;618;0.04816177684766261;335.0258962839249;313.3976738226041;12.096112729342444;13.455962959973752
VgOVPdg4Obfffnu7mf6puw&h9zj5AZDIfW1aIfaCv3Mzg;-10.99177050002055;22.531047646044026;2.0733435937529086;3306;983;0.03071553130084794;333.98790640985834;312.45968933704455;4.728036054585297;5.2445337904076705
VgOVPdg4Obfffnu7mf6puw&h9zj5AZDIfW1aIfaCv3Mzg;-7.1823388517329905;9.480583588562393;-2.4329162550792147;2477;1595;0.01820486394202775;322.85413300391235;280.13874136717186;-11.560851736793282;-10.433159811233518
